14.76215
19.04051
4.775275
17.66385
3.216067
33.53035
13.96793
31.12028
36.62456
51.73225
8.538053
5.454748
13.23383
12.39977
12.00702
17.19599
27.10644
6.848844
28.31295
53.10975
32.0731
43.17232
25.55181
21.68134
7.181747
57.7571
22.43118
9.134704
46.32718
13.62891
21.50938
37.66394
8.626091
56.35671
6.034108
49.28869
17.87056
36.29942
26.91025
28.50434
13.17085
8.108294
9.739608
52.14263
22.61264
11.42603
5.692576
12.50568
41.6455
41.51003
21.25447
31.04136
26.33214
11.67679
10.9527
30.59497
19.19185
22.92516
38.56369
24.20665
54.93815
8.177927
24.60474
12.19234
24.32203
40.18102
21.24202
3.614354
14.10743
53.90782
54.13282
19.92908
15.94432
13.85635
40.12579
39.28067
15.03219
32.69144
46.64787
21.23359
21.69064
32.10579
20.60266
5.911526
38.15108
15.80885
33.56992
19.5253
32.86395
21.45625
16.32203
24.76896
14.93354
33.64272
12.13087
22.10959
21.88695
44.1047
6.457735
4.524024
47.39048
24.0004
18.86559
33.52851
29.80836
9.017409
11.93174
17.0051
51.89096
50.97544
51.22564
39.57856
48.6437
3.614137
11.7533
11.36026
1.879662
30.4092
50.76492
25.76702
49.47728
45.26966
44.88694
14.94189
11.5167
49.8456
3.076363
11.0772
41.62125
57.20724
38.99813
26.98964
6.51113
56.04053
30.10342
21.27672
26.74397
35.15665
2.486693
2.358793
13.6763
5.156866
52.84901
25.99448
28.2701
23.453
23.80616
32.67151
2.199663
29.57729
24.07885
7.426574
49.14916
48.08745
40.33046
48.98979
48.51944
41.86441
46.45703
56.48991
32.4914
17.43845
42.05424
38.67146
26.0995
31.51448
23.45698
16.93469
2.854584
12.15642
54.36761
44.64461
56.42471
26.41088
8.175294
41.90611
33.75751
4.875141
29.21358
30.74777
21.06685
2.139311
4.87062
17.31089
1.287712
17.99876
30.891
10.02344
38.97724
30.59036
43.6143
45.34542
1.683864
21.96229
24.90108
32.14167
31.79566
25.66528
31.03258
51.14004
46.75906
